Capital,2017,2018,2019,2020,2021,2022,2023,2024,2025,2026,2027,2028,2029,2030,2031,2032,2033,2034,2035,2036,2037,2038,2039,2040,2041,2042,2043,2044,2045,2046,2047,2048,2049
Age,58.2/54.5,59.2/55.5,60.2/56.5,61.2/57.5,62.2/58.5,63.2/59.5,64.2/60.5,65.2/61.5,66.2/62.5,67.2/63.5,68.2/64.5,69.2/65.5,70.2/66.5,71.2/67.5,72.2/68.5,73.2/69.5,74.2/70.5,75.2/71.5,76.2/72.5,77.2/73.5,78.2/74.5,79.2/75.5,80.2/76.5,81.2/77.5,82.2/78.5,83.2/79.5,84.2/80.5,85.2/81.5,86.2/82.5,87.2/83.5,88.2/84.5,89.2/85.5,90.2/86.5
,,,,,,,,,,,,,,,,,,,,,,,,,,,,,,,,,
CashAccount Anz joint,92463,94725,97729,101496,106045,111397,117572,124593,132481,141259,150951,175398,205084,235298,196706,157236,116870,75587,37331,0,0,0,0,0,0,0,0,0,0,0,0,0,0
,,,,,,,,,,,,,,,,,,,,,,,,,,,,,,,,,
ResidentialProperty,432600,445578,458945,472714,486895,501502,516547,532043,548005,564445,581378,598820,616784,635288,654346,673977,694196,715022,736473,758567,781324,804763,828906,853774,879387,905768,932941,960930,989758,1019450,1050034,1081535,1113981
,,,,,,,,,,,,,,,,,,,,,,,,,,,,,,,,,
Block,59686,59366,59040,58707,58367,58021,57668,57308,56940,56565,56183,55793,55395,54989,54575,54153,53722,53283,52835,52378,51912,51436,50951,50457,49952,49437,48912,48377,47831,23943,0,0,0
,,,,,,,,,,,,,,,,,,,,,,,,,,,,,,,,,
Custom Investments - Property Ab,179596,179184,178764,178336,177898,177452,176997,176533,176059,175576,175083,174580,174067,0,0,0,0,0,0,0,0,0,0,0,0,0,0,0,0,0,0,0,0
,,,,,,,,,,,,,,,,,,,,,,,,,,,,,,,,,
CBA 18596679,2,2,2,3,3,3,3,3,3,4,4,4,4,5,5,5,6,6,6,7,7,8,8,8,9,10,10,11,11,12,13,14,15
,,,,,,,,,,,,,,,,,,,,,,,,,,,,,,,,,
Redunancy payment,36000,36000,36000,36000,36000,36000,36000,36000,36000,36000,36000,36000,36000,36000,36000,36000,36000,36000,36000,34027,0,0,0,0,0,0,0,0,0,0,0,0,0
,,,,,,,,,,,,,,,,,,,,,,,,,,,,,,,,,
Total non super assets,800347,814856,830481,847255,865209,884375,904787,926480,949489,973849,999598,1040594,1087334,961579,941632,921371,900794,879897,862645,844978,833243,856207,879866,904239,929348,955215,981864,1009317,1037600,1043406,1050047,1081548,1113995
Superannuation-Julie,5,6,6,6,7,7,8,8,9,9,10,10,11,0,0,0,0,0,0,0,0,0,0,0,0,0,0,0,0,0,0,0,0
,,,,,,,,,,,,,,,,,,,,,,,,,,,,,,,,,
Superannuation-Wayne,20809,32809,46065,60686,76790,95113,115875,139317,165703,195316,227769,263306,302186,0,0,0,0,0,0,0,0,0,0,0,0,0,0,0,0,0,0,0,0
,,,,,,,,,,,,,,,,,,,,,,,,,,,,,,,,,
Account-based pension-Wayne,0,0,0,0,0,0,0,0,0,0,0,0,0,339523,352960,366929,381451,396548,408113,420015,425919,396463,362482,323363,278756,232208,179390,119682,52306,0,0,0,0
,,,,,,,,,,,,,,,,,,,,,,,,,,,,,,,,,
Account-based pension-Julie,0,0,0,0,0,0,0,0,0,0,0,0,0,11,12,12,12,12,13,13,0,0,0,0,0,0,0,0,0,0,0,0,0
,,,,,,,,,,,,,,,,,,,,,,,,,,,,,,,,,
Total super assets,20814,32815,46071,60692,76797,95120,115882,139325,165711,195325,227779,263316,302197,339534,352972,366941,381463,396560,408125,420028,425919,396463,362482,323363,278756,232208,179390,119682,52306,0,0,0,0
Total assets,821162,847671,876552,907948,942006,979495,1020669,1065805,1115200,1169174,1227378,1303910,1389532,1301114,1294604,1288312,1282257,1276458,1270770,1265006,1259161,1252670,1242347,1227602,1208104,1187423,1161254,1128999,1089906,1043406,1050047,1081548,1113995
HomeLoan,150925,138821,126208,113065,99371,85101,70233,54740,38597,21775,4248,0,0,0,0,0,0,0,0,0,0,0,0,0,0,0,0,0,0,0,0,0,0
,,,,,,,,,,,,,,,,,,,,,,,,,,,,,,,,,
Car loan - Esanda,0,0,0,0,0,0,0,0,0,0,0,0,0,0,0,0,0,0,0,0,0,0,0,0,0,0,0,0,0,0,0,0,0
,,,,,,,,,,,,,,,,,,,,,,,,,,,,,,,,,
Investment loan (Block) BankWest,60607,59151,57630,56041,54380,52645,50832,48937,46957,44889,42727,40469,38109,35643,33067,30375,27561,24622,21551,18341,14988,11484,7823,3997,0,0,0,0,0,0,0,0,0
,,,,,,,,,,,,,,,,,,,,,,,,,,,,,,,,,
Investment loan (Abraham Street) BankWest,259653,251342,242650,233559,224052,214109,203710,192834,181461,169565,157125,144114,130507,0,0,0,0,0,0,0,0,0,0,0,0,0,0,0,0,0,0,0,0
,,,,,,,,,,,,,,,,,,,,,,,,,,,,,,,,,
Total liabilities,471185,449313,426487,402665,377802,351855,324774,296511,267014,236230,204100,184583,168616,35643,33067,30375,27561,24622,21551,18341,14988,11484,7823,3997,0,0,0,0,0,0,0,0,0
Net asset position,349976,398357,450065,505283,564204,627640,695895,769294,848185,932944,1023277,1119327,1220915,1265470,1261537,1257938,1254696,1251836,1249220,1246664,1244173,1241186,1234524,1223604,1208104,1187423,1161254,1128999,1089906,1043406,1050047,1081548,1113995
Net asset position,-82624,-47221,-8880,32569,77309,126138,179348,237251,300180,368499,441899,520507,604131,630182,607191,583961,560500,536814,512747,488097,462849,436423,405618,369830,328717,281655,228313,168069,100148,23956,13,13,14
Net asset position,-82624,-47221,-8880,32569,77309,126138,179348,237251,300180,368499,441899,520507,604131,630182,607191,583961,560500,536814,512747,488097,462849,436423,405618,369830,328717,281655,228313,168069,100148,23956,13,13,14
