Capital,2013,2014,2015,2016,2017,2018,2019,2020,2021,2022,2023,2024,2025,2026,2027,2028,2029,2030,2031,2032,2033,2034,2035,2036,2037,2038
Age,,,,68.2/66.6,69.2/67.6,70.2/68.6,71.2/69.6,72.2/70.6,73.2/71.6,74.2/72.6,75.2/73.6,76.2/74.6,77.2/75.6,78.2/76.6,79.2/77.6,80.2/78.6,81.2/79.6,82.2/80.6,83.2/81.6,84.2/82.6,85.2/83.6,86.2/84.6,87.2/85.6,88.2/86.6,89.2/87.6,90.2/88.6
,,,,,,,,,,,,,,,,,,,,,,,,,,
1 Custom Assets ex desktop,,,,51507,52538,53588,54660,55753,56868,58006,59166,60349,61556,62787,64043,65324,66630,67963,69322,70709,72123,73565,75037,76537,78068,79630
,,,,,,,,,,,,,,,,,,,,,,,,,,
Desktop Shares platfrom,,,,38445,39349,40275,41223,42194,43187,44203,45243,46308,47398,48513,49655,50824,52020,53244,54497,55780,57093,58436,59812,61219,62660,64135
,,,,,,,,,,,,,,,,,,,,,,,,,,
CashAccount,,,,0,0,0,0,0,0,0,0,0,0,0,0,0,0,3654,19245,40128,66224,115863,171565,253258,341174,434289
,,,,,,,,,,,,,,,,,,,,,,,,,,
Business,,,,1000000,1000000,1000000,1000000,1000000,1000000,1000000,1000000,1000000,1000000,1000000,1000000,1000000,1000000,1000000,1000000,1000000,1000000,1000000,1000000,1000000,1000000,1000000
,,,,,,,,,,,,,,,,,,,,,,,,,,
Total non super assets,,,,1089952,1091887,1093864,1095883,1097947,1100055,1102209,1104409,1106657,1108954,1111301,1113698,1116148,1118650,1124861,1143065,1166617,1195440,1247865,1306413,1391015,1481902,1578053
Superannuation-Richard,,,,0,0,0,0,0,0,0,0,0,0,0,0,0,0,0,0,0,0,0,0,0,0,0
,,,,,,,,,,,,,,,,,,,,,,,,,,
Superannuation-Carol,,,,0,0,0,0,0,0,0,0,0,0,0,0,0,0,0,0,0,0,0,0,0,0,0
,,,,,,,,,,,,,,,,,,,,,,,,,,
Account-based pension-Richard,,,,0,0,0,0,0,0,0,0,0,0,0,0,0,0,0,0,0,0,0,0,0,0,0
,,,,,,,,,,,,,,,,,,,,,,,,,,
Account-based pension-Carol,,,,0,0,0,0,0,0,0,0,0,0,0,0,0,0,0,0,0,0,0,0,0,0,0
,,,,,,,,,,,,,,,,,,,,,,,,,,
CashAccount-goldylok super fund,,,,133416,179386,219264,210944,187802,163773,138774,112717,80786,47576,29668,30698,31606,32420,33179,33787,34321,34790,34851,34825,34259,33620,32254
,,,,,,,,,,,,,,,,,,,,,,,,,,
AustralianShares-goldylok super fund,,,,630509,684799,743763,807805,877361,952905,1034955,1124070,1220857,1325979,1418197,1496191,1575913,1650726,1725720,1793264,1859212,1923352,1966819,2005029,2017178,2020389,2012359
,,,,,,,,,,,,,,,,,,,,,,,,,,
Total super assets,,,,763925,864184,963028,1018748,1065162,1116678,1173729,1236786,1301643,1373555,1447866,1526889,1607519,1683146,1758899,1827051,1893533,1958142,2001671,2039855,2051436,2054009,2044613
Total assets,,,,1853877,1956071,2056891,2114632,2163109,2216733,2275938,2341195,2408301,2482509,2559166,2640587,2723666,2801796,2883760,2970116,3060150,3153582,3249535,3346268,3442451,3535911,3622666
Credit card,,,,1,1,1,2,2,2,2,3,3,3,4,4,5,6,7,7,8,10,11,12,14,16,18
,,,,,,,,,,,,,,,,,,,,,,,,,,
Total liabilities,,,,1,1,1,2,2,2,2,3,3,3,4,4,5,6,7,7,8,10,11,12,14,16,18
Net asset position,1,1,1794563,1853876,1956070,2056890,2114630,2163107,2216731,2275935,2341193,2408298,2482505,2559163,2640583,2723661,2801791,2883753,2970108,3060142,3153572,3249524,3346256,3442437,3535895,3622648
